case 5x5
1)
board = [[1,0,1,0,1],
            [0,0,0,0,0],
            [0,0,0,0,1],
            [1,0,0,0,1],
            [1,0,1,1,1],]
block_list = [[(0,0), (0,1), (1,1)], [(0,0), (0,1), (0,2), (1,2)], [(0,0), (0,1), (0,2), (1,1)], [(0,0), (0,1), (1,0), (1,1)]]


2)
board = [[0,0,0,0,0],
            [0,1,0,1,0],
            [0,0,0,0,0],
            [0,0,1,1,0],
            [0,0,0,0,0],]
block_list = [[(0,0), (0,1), (0,2)], [(0,0), (0,1), (0,2), (1,2)], [(0,0), (0,1), (0,2), (1,1)], [(0,0),(0,1),(0,2),(0,3),(0,4)], [(0,0),(0,1),(0,2),(0,3),(0,4)]]






전체 블럭:
[[(0,0), (0,1), (1,1)], [(0,0), (0,1), (0,2)], [(0,0), (0,1), (0,2), (1,2)], [(0,0), (0,1), (0,2), (1,1)], [(0,0), (0,1), (1,0), (1,1)], [(0,0),(0,1),(0,2),(0,3),(0,4)], [(0,0),(0,1),(1,0),(2,0)], [(0,0),(0,1),(0,2),(0,3),(0,4)], [(0,0),(0,1),(0,2),(0,3),(0,4)]]

